Trimestre,Activos,Var. Activos trimestre anterior,Var. Activos trimestre anterior (%),Ocupados,Var. Ocupados trimestre anterior,Ocupados sobre total (%),Var. ocupados trimestre anterior (%),Parados,Var. Parados trimestre anterior,Parados sobre total (%),Var. parados trimestre anterior (%),Tasa de actividad (%),Var. Tasa de Actividad trimestre anterior (%)
2020T2,21975.20,-1019.00,-4.64,18607.20,-1074.10,84.67,-5.77,3368.00,55.00,15.33,1.63,55.50,-2.70
2020T1,22994.20,-164.60,-0.72,19681.30,-285.60,85.59,-1.45,3313.00,121.10,14.41,3.66,58.20,-0.50
2019T4,23158.80,70.10,0.30,19966.90,92.60,86.22,0.46,3191.90,-22.50,13.78,-0.70,58.70,0.00
2019T3,23088.70,53.20,0.23,19874.30,69.40,86.08,0.35,3214.40,-16.20,13.92,-0.50,58.70,0.00
2019T2,23035.50,210.10,0.91,19804.90,333.80,85.98,1.69,3230.60,-123.60,14.02,-3.83,58.70,0.30
2019T1,22825.40,-43.40,-0.19,19471.10,-93.50,85.30,-0.48,3354.20,49.90,14.70,1.49,58.40,-0.20
2018T4,22868.80,14.80,0.06,19564.60,36.60,85.55,0.19,3304.30,-21.70,14.45,-0.66,58.60,-0.10
2018T3,22854.00,19.80,0.09,19528.00,183.90,85.45,0.94,3326.00,-164.10,14.55,-4.93,58.70,-0.10
2018T2,22834.20,163.90,0.72,19344.10,469.90,84.72,2.43,3490.10,-306.00,15.28,-8.77,58.80,0.30
2018T1,22670.30,-94.70,-0.42,18874.20,-124.20,83.26,-0.66,3796.10,29.40,16.74,0.77,58.50,-0.30
2017T4,22765.00,-15.90,-0.07,18998.40,-50.90,83.45,-0.27,3766.70,35.00,16.55,0.93,58.80,-0.10
2017T3,22780.90,53.30,0.23,19049.30,236.00,83.62,1.24,3731.70,-182.60,16.38,-4.89,58.90,0.10
2017T2,22727.60,34.30,0.15,18813.30,375.00,82.78,1.99,3914.30,-340.70,17.22,-8.70,58.80,0.00
2017T1,22693.30,-52.60,-0.23,18438.30,-69.80,81.25,-0.38,4255.00,17.20,18.75,0.40,58.80,-0.20
2016T4,22745.90,-102.40,-0.45,18508.10,-19.40,81.37,-0.10,4237.80,-83.00,18.63,-1.96,59.00,-0.30
2016T3,22848.30,-27.40,-0.12,18527.50,226.50,81.09,1.22,4320.80,-253.90,18.91,-5.88,59.30,-0.10
2016T2,22875.70,54.70,0.24,18301.00,271.40,80.00,1.48,4574.70,-216.70,20.00,-4.74,59.40,0.10
2016T1,22821.00,-52.70,-0.23,18029.60,-64.60,79.00,-0.36,4791.40,11.90,21.00,0.25,59.30,-0.10
2015T4,22873.70,-25.80,-0.11,18094.20,45.50,79.10,0.25,4779.50,-71.30,20.90,-1.49,59.40,-0.10
2015T3,22899.50,-116.00,-0.51,18048.70,182.20,78.82,1.01,4850.80,-298.20,21.18,-6.15,59.50,-0.30
2015T2,23015.50,116.10,0.50,17866.50,411.70,77.63,2.30,5149.00,-295.60,22.37,-5.74,59.80,0.30
2015T1,22899.40,-127.40,-0.56,17454.80,-114.30,76.22,-0.65,5444.60,-13.10,23.78,-0.24,59.50,-0.30
2014T4,23026.80,95.10,0.41,17569.10,65.10,76.30,0.37,5457.70,30.00,23.70,0.55,59.80,0.30
2014T3,22931.70,-44.20,-0.19,17504.00,151.00,76.33,0.86,5427.70,-195.20,23.67,-3.60,59.50,-0.10
2014T2,22975.90,92.00,0.40,17353.00,402.40,75.53,2.32,5622.90,-310.40,24.47,-5.52,59.60,0.10
2014T1,22883.90,-187.00,-0.82,16950.60,-184.60,74.07,-1.09,5933.30,-2.30,25.93,-0.04,59.50,-0.40
2013T4,23070.90,-102.50,-0.44,17135.20,-94.80,74.27,-0.55,5935.60,-7.80,25.73,-0.13,59.90,-0.10
2013T3,23173.40,-34.50,-0.15,17230.00,69.40,74.35,0.40,5943.40,-103.90,25.65,-1.75,60.00,0.00
2013T2,23207.90,-100.50,-0.43,17160.60,130.40,73.94,0.76,6047.30,-230.90,26.06,-3.82,60.00,-0.20
2013T1,23308.40,-52.00,-0.22,17030.20,-309.20,73.06,-1.82,6278.20,257.20,26.94,4.10,60.20,0.00
2012T4,23360.40,-131.50,-0.56,17339.40,-328.30,74.23,-1.89,6021.00,196.80,25.77,3.27,60.20,-0.40
2012T3,23491.90,2.40,0.01,17667.70,-90.80,75.21,-0.51,5824.20,93.20,24.79,1.60,60.60,0.10
2012T2,23489.50,56.50,0.24,17758.50,-6.60,75.60,-0.04,5731.00,63.10,24.40,1.10,60.50,0.20
2012T1,23433.00,-7.30,-0.03,17765.10,-387.90,75.81,-2.18,5667.90,380.60,24.19,6.72,60.30,0.00
2011T4,23440.30,-42.20,-0.18,18153.00,-331.50,77.44,-1.83,5287.30,289.30,22.56,5.47,60.30,-0.10
2011T3,23482.50,16.30,0.07,18484.50,-137.50,78.72,-0.74,4998.00,153.80,21.28,3.08,60.40,0.00
2011T2,23466.20,118.90,0.51,18622.00,195.80,79.36,1.05,4844.20,-77.00,20.64,-1.59,60.40,0.20
2011T1,23347.30,-29.80,-0.13,18426.20,-248.70,78.92,-1.35,4921.20,219.00,21.08,4.45,60.20,-0.10
2010T4,23377.10,-27.30,-0.12,18674.90,-144.10,79.89,-0.77,4702.20,116.80,20.11,2.48,60.30,-0.10
2010T3,23404.40,-2.00,-0.01,18819.00,67.90,80.41,0.36,4585.40,-69.90,19.59,-1.52,60.40,0.00
2010T2,23406.40,135.90,0.58,18751.10,98.20,80.11,0.52,4655.30,37.60,19.89,0.81,60.40,0.30
2010T1,23270.50,45.10,0.19,18652.90,-237.50,80.16,-1.27,4617.70,282.70,19.84,6.12,60.10,0.10
2009T4,23225.40,5.60,0.02,18890.40,-208.00,81.34,-1.10,4335.00,213.60,18.66,4.93,60.00,-0.10
2009T3,23219.80,-73.60,-0.32,19098.40,-55.80,82.25,-0.29,4121.40,-18.20,17.75,-0.44,60.10,-0.20
2009T2,23293.40,-9.20,-0.04,19154.20,-130.20,82.23,-0.68,4139.60,121.40,17.77,2.93,60.30,-0.10
2009T1,23302.60,40.50,0.17,19284.40,-770.90,82.76,-4.00,4018.20,811.40,17.24,20.19,60.40,0.00
2008T4,23262.10,105.00,0.45,20055.30,-501.10,86.21,-2.50,3206.80,606.10,13.79,18.90,60.40,0.20
2008T3,23157.10,124.50,0.54,20556.40,-90.50,88.77,-0.44,2600.70,215.00,11.23,8.27,60.20,0.10
2008T2,23032.60,222.20,0.96,20646.90,26.90,89.64,0.13,2385.70,195.20,10.36,8.18,60.10,0.40
2008T1,22810.40,150.50,0.66,20620.00,-97.90,90.40,-0.47,2190.50,248.50,9.60,11.34,59.70,0.20
2007T4,22659.90,100.30,0.44,20717.90,-35.50,91.43,-0.17,1942.00,135.80,8.57,6.99,59.50,0.00
2007T3,22559.60,205.50,0.91,20753.40,172.50,91.99,0.83,1806.20,33.00,8.01,1.83,59.50,0.30
2007T2,22354.10,223.30,1.00,20580.90,313.40,92.07,1.52,1773.20,-90.00,7.93,-5.08,59.20,0.30
2007T1,22130.80,116.00,0.52,20267.50,72.10,91.58,0.36,1863.20,43.80,8.42,2.35,58.90,0.00
2006T4,22014.80,157.00,0.71,20195.40,104.40,91.74,0.52,1819.40,52.50,8.26,2.89,58.90,0.20
2006T3,21857.80,131.80,0.60,20091.00,199.40,91.92,0.99,1766.90,-67.50,8.08,-3.82,58.70,0.10
2006T2,21726.00,204.70,0.94,19891.60,313.20,91.56,1.57,1834.40,-108.40,8.44,-5.91,58.60,0.30
2006T1,21521.30,151.80,0.71,19578.40,69.20,90.97,0.35,1942.80,82.50,9.03,4.25,58.30,0.20
2005T4,21369.50,163.90,0.77,19509.20,87.10,91.29,0.45,1860.30,76.80,8.71,4.13,58.10,0.20
2005T3,21205.60,75.90,0.36,19422.10,261.50,91.59,1.35,1783.50,-185.60,8.41,-10.41,57.90,0.00
2005T2,21129.70,272.30,1.29,19160.60,424.50,90.68,2.22,1969.10,-152.20,9.32,-7.73,57.90,0.50
2005T1,20857.40,189.70,0.91,18736.10,245.30,89.83,1.31,2121.30,-55.60,10.17,-2.62,57.40,0.30
2004T4,20667.70,178.80,0.87,18490.80,201.70,89.47,1.09,2176.90,-22.90,10.53,-1.05,57.10,0.20
2004T3,20488.90,222.40,1.09,18289.10,270.20,89.26,1.48,2199.80,-47.80,10.74,-2.17,56.90,0.30
2004T2,20266.50,186.50,0.92,18018.90,248.70,88.91,1.38,2247.60,-62.20,11.09,-2.77,56.60,0.40
2004T1,20080.00,62.90,0.31,17770.20,29.70,88.50,0.17,2309.80,33.10,11.50,1.43,56.20,-0.10
2003T4,20017.10,123.60,0.62,17740.50,94.50,88.63,0.53,2276.70,29.20,11.37,1.28,56.30,0.10
2003T3,19893.50,254.30,1.28,17646.00,222.80,88.70,1.26,2247.50,31.50,11.30,1.40,56.20,0.50
2003T2,19639.20,218.00,1.11,17423.20,330.50,88.72,1.90,2216.00,-112.50,11.28,-5.08,55.70,0.40
2003T1,19421.20,196.90,1.01,17092.70,100.80,88.01,0.59,2328.50,96.10,11.99,4.13,55.30,0.30
2002T4,19224.30,109.00,0.57,16991.90,72.60,88.39,0.43,2232.40,36.40,11.61,1.63,55.00,0.10
2002T3,19115.30,245.10,1.28,16919.30,152.40,88.51,0.90,2196.00,92.70,11.49,4.22,54.90,0.40
2002T2,18870.20,235.10,1.25,16766.90,284.60,88.85,1.70,2103.30,-49.50,11.15,-2.35,54.50,0.40
2002T1,18635.10,343.10,1.84,16482.30,134.10,88.45,0.81,2152.80,209.00,11.55,9.71,54.10,0.70
2001T4,18292.00,128.00,0.70,16348.20,53.90,89.37,0.33,1943.80,74.10,10.63,3.81,53.40,0.20
2001T3,18164.00,231.90,1.28,16294.30,218.00,89.71,1.34,1869.70,13.90,10.29,0.74,53.20,0.50
2001T2,17932.10,117.40,0.65,16076.30,210.00,89.65,1.31,1855.80,-92.50,10.35,-4.98,52.70,0.10
2001T1,17814.70,,,15866.30,,89.06,,1948.30,,10.94,,52.60,
