Trimestre,Activos,Var. Activos trimestre anterior,Var. Activos trimestre anterior (%),Ocupados,Var. Ocupados trimestre anterior,Ocupados sobre total (%),Var. ocupados trimestre anterior (%),Parados,Parados sobre total (%),Var. parados trimestre anterior (%),Tasa de actividad (%)
2020T2,21975.20,-1019.00,-4.64,18607.20,-1074.1,84.67,-5.77,3368.00,15.33,1.63,55.5
2020T1,22994.20,-164.60,-0.72,19681.30,-285.6,85.59,-1.45,3313.00,14.41,3.66,58.2
2019T4,23158.80,70.10,0.30,19966.90,92.6,86.22,0.46,3191.90,13.78,-0.70,58.7
2019T3,23088.70,53.20,0.23,19874.30,69.4,86.08,0.35,3214.40,13.92,-0.50,58.7
2019T2,23035.50,210.10,0.91,19804.90,333.8,85.98,1.69,3230.60,14.02,-3.83,58.7
2019T1,22825.40,-43.40,-0.19,19471.10,-93.5,85.30,-0.48,3354.20,14.70,1.49,58.4
2018T4,22868.80,14.80,0.06,19564.60,36.6,85.55,0.19,3304.30,14.45,-0.66,58.6
2018T3,22854.00,19.80,0.09,19528.00,183.9,85.45,0.94,3326.00,14.55,-4.93,58.7
2018T2,22834.20,163.90,0.72,19344.10,469.9,84.72,2.43,3490.10,15.28,-8.77,58.8
2018T1,22670.30,-94.70,-0.42,18874.20,-124.2,83.26,-0.66,3796.10,16.74,0.77,58.5
2017T4,22765.00,-15.90,-0.07,18998.40,-50.9,83.45,-0.27,3766.70,16.55,0.93,58.8
2017T3,22780.90,53.30,0.23,19049.30,236.0,83.62,1.24,3731.70,16.38,-4.89,58.9
2017T2,22727.60,34.30,0.15,18813.30,375.0,82.78,1.99,3914.30,17.22,-8.70,58.8
2017T1,22693.30,-52.60,-0.23,18438.30,-69.8,81.25,-0.38,4255.00,18.75,0.40,58.8
2016T4,22745.90,-102.40,-0.45,18508.10,-19.4,81.37,-0.10,4237.80,18.63,-1.96,59.0
2016T3,22848.30,-27.40,-0.12,18527.50,226.5,81.09,1.22,4320.80,18.91,-5.88,59.3
2016T2,22875.70,54.70,0.24,18301.00,271.4,80.00,1.48,4574.70,20.00,-4.74,59.4
2016T1,22821.00,-52.70,-0.23,18029.60,-64.6,79.00,-0.36,4791.40,21.00,0.25,59.3
2015T4,22873.70,-25.80,-0.11,18094.20,45.5,79.10,0.25,4779.50,20.90,-1.49,59.4
2015T3,22899.50,-116.00,-0.51,18048.70,182.2,78.82,1.01,4850.80,21.18,-6.15,59.5
2015T2,23015.50,116.10,0.50,17866.50,411.7,77.63,2.30,5149.00,22.37,-5.74,59.8
2015T1,22899.40,-127.40,-0.56,17454.80,-114.3,76.22,-0.65,5444.60,23.78,-0.24,59.5
2014T4,23026.80,95.10,0.41,17569.10,65.1,76.30,0.37,5457.70,23.70,0.55,59.8
2014T3,22931.70,-44.20,-0.19,17504.00,151.0,76.33,0.86,5427.70,23.67,-3.60,59.5
2014T2,22975.90,92.00,0.40,17353.00,402.4,75.53,2.32,5622.90,24.47,-5.52,59.6
2014T1,22883.90,-187.00,-0.82,16950.60,-184.6,74.07,-1.09,5933.30,25.93,-0.04,59.5
2013T4,23070.90,-102.50,-0.44,17135.20,-94.8,74.27,-0.55,5935.60,25.73,-0.13,59.9
2013T3,23173.40,-34.50,-0.15,17230.00,69.4,74.35,0.40,5943.40,25.65,-1.75,60.0
2013T2,23207.90,-100.50,-0.43,17160.60,130.4,73.94,0.76,6047.30,26.06,-3.82,60.0
2013T1,23308.40,-52.00,-0.22,17030.20,-309.2,73.06,-1.82,6278.20,26.94,4.10,60.2
2012T4,23360.40,-131.50,-0.56,17339.40,-328.3,74.23,-1.89,6021.00,25.77,3.27,60.2
2012T3,23491.90,2.40,0.01,17667.70,-90.8,75.21,-0.51,5824.20,24.79,1.60,60.6
2012T2,23489.50,56.50,0.24,17758.50,-6.6,75.60,-0.04,5731.00,24.40,1.10,60.5
2012T1,23433.00,-7.30,-0.03,17765.10,-387.9,75.81,-2.18,5667.90,24.19,6.72,60.3
2011T4,23440.30,-42.20,-0.18,18153.00,-331.5,77.44,-1.83,5287.30,22.56,5.47,60.3
2011T3,23482.50,16.30,0.07,18484.50,-137.5,78.72,-0.74,4998.00,21.28,3.08,60.4
2011T2,23466.20,118.90,0.51,18622.00,195.8,79.36,1.05,4844.20,20.64,-1.59,60.4
2011T1,23347.30,-29.80,-0.13,18426.20,-248.7,78.92,-1.35,4921.20,21.08,4.45,60.2
2010T4,23377.10,-27.30,-0.12,18674.90,-144.1,79.89,-0.77,4702.20,20.11,2.48,60.3
2010T3,23404.40,-2.00,-0.01,18819.00,67.9,80.41,0.36,4585.40,19.59,-1.52,60.4
2010T2,23406.40,135.90,0.58,18751.10,98.2,80.11,0.52,4655.30,19.89,0.81,60.4
2010T1,23270.50,45.10,0.19,18652.90,-237.5,80.16,-1.27,4617.70,19.84,6.12,60.1
2009T4,23225.40,5.60,0.02,18890.40,-208.0,81.34,-1.10,4335.00,18.66,4.93,60.0
2009T3,23219.80,-73.60,-0.32,19098.40,-55.8,82.25,-0.29,4121.40,17.75,-0.44,60.1
2009T2,23293.40,-9.20,-0.04,19154.20,-130.2,82.23,-0.68,4139.60,17.77,2.93,60.3
2009T1,23302.60,40.50,0.17,19284.40,-770.9,82.76,-4.00,4018.20,17.24,20.19,60.4
2008T4,23262.10,105.00,0.45,20055.30,-501.1,86.21,-2.50,3206.80,13.79,18.90,60.4
2008T3,23157.10,124.50,0.54,20556.40,-90.5,88.77,-0.44,2600.70,11.23,8.27,60.2
2008T2,23032.60,222.20,0.96,20646.90,26.9,89.64,0.13,2385.70,10.36,8.18,60.1
2008T1,22810.40,150.50,0.66,20620.00,-97.9,90.40,-0.47,2190.50,9.60,11.34,59.7
2007T4,22659.90,100.30,0.44,20717.90,-35.5,91.43,-0.17,1942.00,8.57,6.99,59.5
2007T3,22559.60,205.50,0.91,20753.40,172.5,91.99,0.83,1806.20,8.01,1.83,59.5
2007T2,22354.10,223.30,1.00,20580.90,313.4,92.07,1.52,1773.20,7.93,-5.08,59.2
2007T1,22130.80,116.00,0.52,20267.50,72.1,91.58,0.36,1863.20,8.42,2.35,58.9
2006T4,22014.80,157.00,0.71,20195.40,104.4,91.74,0.52,1819.40,8.26,2.89,58.9
2006T3,21857.80,131.80,0.60,20091.00,199.4,91.92,0.99,1766.90,8.08,-3.82,58.7
2006T2,21726.00,204.70,0.94,19891.60,313.2,91.56,1.57,1834.40,8.44,-5.91,58.6
2006T1,21521.30,151.80,0.71,19578.40,69.2,90.97,0.35,1942.80,9.03,4.25,58.3
2005T4,21369.50,163.90,0.77,19509.20,87.1,91.29,0.45,1860.30,8.71,4.13,58.1
2005T3,21205.60,75.90,0.36,19422.10,261.5,91.59,1.35,1783.50,8.41,-10.41,57.9
2005T2,21129.70,272.30,1.29,19160.60,424.5,90.68,2.22,1969.10,9.32,-7.73,57.9
2005T1,20857.40,189.70,0.91,18736.10,245.3,89.83,1.31,2121.30,10.17,-2.62,57.4
2004T4,20667.70,178.80,0.87,18490.80,201.7,89.47,1.09,2176.90,10.53,-1.05,57.1
2004T3,20488.90,222.40,1.09,18289.10,270.2,89.26,1.48,2199.80,10.74,-2.17,56.9
2004T2,20266.50,186.50,0.92,18018.90,248.7,88.91,1.38,2247.60,11.09,-2.77,56.6
2004T1,20080.00,62.90,0.31,17770.20,29.7,88.50,0.17,2309.80,11.50,1.43,56.2
2003T4,20017.10,123.60,0.62,17740.50,94.5,88.63,0.53,2276.70,11.37,1.28,56.3
2003T3,19893.50,254.30,1.28,17646.00,222.8,88.70,1.26,2247.50,11.30,1.40,56.2
2003T2,19639.20,218.00,1.11,17423.20,330.5,88.72,1.90,2216.00,11.28,-5.08,55.7
2003T1,19421.20,196.90,1.01,17092.70,100.8,88.01,0.59,2328.50,11.99,4.13,55.3
2002T4,19224.30,109.00,0.57,16991.90,72.6,88.39,0.43,2232.40,11.61,1.63,55.0
2002T3,19115.30,245.10,1.28,16919.30,152.4,88.51,0.90,2196.00,11.49,4.22,54.9
2002T2,18870.20,235.10,1.25,16766.90,284.6,88.85,1.70,2103.30,11.15,-2.35,54.5
2002T1,18635.10,343.10,1.84,16482.30,134.1,88.45,0.81,2152.80,11.55,9.71,54.1
2001T4,18292.00,128.00,0.70,16348.20,53.9,89.37,0.33,1943.80,10.63,3.81,53.4
2001T3,18164.00,231.90,1.28,16294.30,218.0,89.71,1.34,1869.70,10.29,0.74,53.2
2001T2,17932.10,117.40,0.65,16076.30,210.0,89.65,1.31,1855.80,10.35,-4.98,52.7
2001T1,17814.70,NA,NA,15866.30,NA,89.06,NA,1948.30,10.94,NA,52.6
